time,Vout
0,0.500176906
1E-10,0.500176906
2E-10,0.500176906
4E-10,0.500176906
8E-10,0.500176907
1.6E-09,0.500176907
3.2E-09,0.500176909
6.4E-09,0.500176911
1.28E-08,0.500176914
2.28E-08,0.500176916
3.28E-08,0.500176914
4.28E-08,0.50017691
5.28E-08,0.500176906
6.28E-08,0.500176901
7.28E-08,0.500176897
8.28E-08,0.500176894
9.28E-08,0.500176891
1.028E-07,0.500176889
1.128E-07,0.500176888
1.228E-07,0.500176887
1.328E-07,0.500176887
1.428E-07,0.500176887
1.528E-07,0.500176887
1.628E-07,0.500176887
1.728E-07,0.500176887
1.828E-07,0.500176888
1.928E-07,0.500176889
2.028E-07,0.500176889
2.128E-07,0.50017689
2.228E-07,0.500176891
2.328E-07,0.500176891
2.428E-07,0.500176892
2.528E-07,0.500176893
2.628E-07,0.500176893
2.728E-07,0.500176894
2.828E-07,0.500176894
2.928E-07,0.500176895
3.028E-07,0.500176895
3.128E-07,0.500176896
3.228E-07,0.500176896
3.328E-07,0.500176897
3.428E-07,0.500176897
3.528E-07,0.500176897
3.628E-07,0.500176897
3.728E-07,0.500176897
3.828E-07,0.500176897
3.928E-07,0.500176898
4.028E-07,0.500176898
4.128E-07,0.500176898
4.228E-07,0.500176898
4.328E-07,0.500176898
4.428E-07,0.500176898
4.528E-07,0.500176898
4.628E-07,0.500176898
4.728E-07,0.500176898
4.828E-07,0.500176898
4.928E-07,0.500176898
5.028E-07,0.500176898
5.128E-07,0.500176898
5.228E-07,0.500176898
5.328E-07,0.500176898
5.428E-07,0.500176898
5.528E-07,0.500176898
5.628E-07,0.500176898
5.728E-07,0.500176898
5.828E-07,0.500176898
5.928E-07,0.500176898
6.028E-07,0.500176898
6.128E-07,0.500176898
6.228E-07,0.500176898
6.328E-07,0.500176899
6.428E-07,0.500176898
6.528E-07,0.500176899
6.628E-07,0.500176899
6.728E-07,0.500176899
6.828E-07,0.500176899
6.928E-07,0.500176899
7.028E-07,0.500176899
7.128E-07,0.500176899
7.228E-07,0.500176899
7.328E-07,0.500176899
7.428E-07,0.500176899
7.528E-07,0.500176899
7.628E-07,0.500176899
7.728E-07,0.500176899
7.828E-07,0.500176899
7.928E-07,0.500176899
8.028E-07,0.500176899
8.128E-07,0.500176899
8.228E-07,0.500176899
8.328E-07,0.500176899
8.428E-07,0.500176899
8.528E-07,0.500176899
8.628E-07,0.500176899
8.728E-07,0.500176899
8.828E-07,0.500176898
8.928E-07,0.500176898
9.028E-07,0.500176898
9.128E-07,0.500176898
9.228E-07,0.500176898
9.328E-07,0.500176898
9.428E-07,0.500176899
9.528E-07,0.500176899
9.628E-07,0.500176899
9.728E-07,0.500176899
9.828E-07,0.500176899
9.928E-07,0.500176899
1E-06,0.500176899
1.001E-06,0.500189838
1.003E-06,0.500217163
1.007E-06,0.50027944
1.015E-06,0.500445031
1.025E-06,0.50084473
1.035E-06,0.50213476
1.045E-06,0.505373726
1.055E-06,0.509634232
1.065E-06,0.513759485
1.075E-06,0.518019125
1.085E-06,0.522716987
1.095E-06,0.527504666
1.1E-06,0.529877205
1.101E-06,0.530347185
1.103E-06,0.531285561
1.107E-06,0.533154256
1.115E-06,0.536850746
1.125E-06,0.54133504
1.135E-06,0.54556567
1.145E-06,0.549505866
1.155E-06,0.553230582
1.165E-06,0.556843374
1.175E-06,0.560417205
1.185E-06,0.563983867
1.195E-06,0.567551252
1.205E-06,0.571120024
1.215E-06,0.574689678
1.225E-06,0.578259737
1.235E-06,0.581829946
1.245E-06,0.5854002
1.255E-06,0.588970469
1.265E-06,0.592540743
1.275E-06,0.596111023
1.285E-06,0.599681309
1.295E-06,0.603251604
1.305E-06,0.60682191
1.315E-06,0.610392227
1.325E-06,0.613962558
1.335E-06,0.6175329
1.345E-06,0.62110326
1.355E-06,0.624673633
1.365E-06,0.628244025
1.375E-06,0.631814431
1.385E-06,0.635384856
1.395E-06,0.638955295
1.405E-06,0.642525755
1.415E-06,0.646096228
1.425E-06,0.64966672
1.435E-06,0.653237224
1.445E-06,0.656807746
1.455E-06,0.660378277
1.465E-06,0.663948822
1.475E-06,0.667519371
1.485E-06,0.671089931
1.495E-06,0.674660489
1.505E-06,0.67823105
1.515E-06,0.681801601
1.525E-06,0.685372148
1.535E-06,0.688942674
1.545E-06,0.692513183
1.555E-06,0.696083659
1.565E-06,0.699654104
1.575E-06,0.703224499
1.585E-06,0.706794846
1.595E-06,0.710365122
1.605E-06,0.713935326
1.615E-06,0.717505436
1.625E-06,0.721075448
1.635E-06,0.724645334
1.645E-06,0.728215087
1.655E-06,0.731784679
1.665E-06,0.735354098
1.675E-06,0.73892331
1.685E-06,0.742492299
1.695E-06,0.746061027
1.705E-06,0.74962947
1.715E-06,0.753197586
1.725E-06,0.756765342
1.735E-06,0.760332689
1.745E-06,0.763899583
1.755E-06,0.767465965
1.765E-06,0.771031777
1.775E-06,0.774596946
1.785E-06,0.778161394
1.795E-06,0.78172503
1.805E-06,0.785287746
1.815E-06,0.788849419
1.825E-06,0.792409899
1.835E-06,0.795969009
1.845E-06,0.799526529
1.855E-06,0.80308219
1.865E-06,0.806635659
1.875E-06,0.810186531
1.885E-06,0.813734324
1.895E-06,0.817278556
1.905E-06,0.820818838
1.915E-06,0.824354736
1.925E-06,0.827884683
1.935E-06,0.831404889
1.945E-06,0.834910953
1.955E-06,0.838399816
1.965E-06,0.841869974
1.975E-06,0.845321162
1.985E-06,0.848753671
1.995E-06,0.852168037
2.005E-06,0.855564887
2.015E-06,0.858944913
2.025E-06,0.862308842
2.035E-06,0.865657439
2.045E-06,0.868991519
2.055E-06,0.872311959
2.065E-06,0.875619971
2.075E-06,0.878916561
2.085E-06,0.882203068
2.095E-06,0.885481495
2.105E-06,0.888755419
2.115E-06,0.892031929
2.125E-06,0.895320744
2.135E-06,0.898602134
2.145E-06,0.901718685
2.155E-06,0.904434369
2.165E-06,0.906779438
2.175E-06,0.908966789
2.185E-06,0.911079687
2.195E-06,0.913119069
2.205E-06,0.91508714
2.215E-06,0.916988705
2.225E-06,0.918826407
2.235E-06,0.920603338
2.245E-06,0.922322466
2.255E-06,0.92398649
2.265E-06,0.92559796
2.275E-06,0.927159283
2.285E-06,0.928672714
2.295E-06,0.930140377
2.305E-06,0.931564274
2.315E-06,0.93294629
2.325E-06,0.934288202
2.335E-06,0.935591689
2.345E-06,0.936858337
2.355E-06,0.938089645
2.365E-06,0.939287029
2.375E-06,0.94045183
2.385E-06,0.941585321
2.395E-06,0.942688704
2.405E-06,0.943763123
2.415E-06,0.944809661
2.425E-06,0.945829348
2.435E-06,0.946823162
2.445E-06,0.947792034
2.455E-06,0.948736849
2.465E-06,0.949658451
2.475E-06,0.950557642
2.485E-06,0.951435189
2.495E-06,0.952291821
2.505E-06,0.953128235
2.515E-06,0.953945098
2.525E-06,0.954743045
2.535E-06,0.955522685
2.545E-06,0.956284598
2.555E-06,0.957029343
2.565E-06,0.957757451
2.575E-06,0.958469434
2.585E-06,0.959165781
2.595E-06,0.959846962
2.605E-06,0.960513427
2.615E-06,0.961165608
2.625E-06,0.961803921
2.635E-06,0.962428765
2.645E-06,0.963040523
2.655E-06,0.963639564
2.665E-06,0.964226243
2.675E-06,0.964800902
2.685E-06,0.965363869
2.695E-06,0.965915461
2.705E-06,0.966455983
2.715E-06,0.96698573
2.725E-06,0.967504985
2.735E-06,0.968014023
2.745E-06,0.968513107
2.755E-06,0.969002493
2.765E-06,0.969482427
2.775E-06,0.969953148
2.785E-06,0.970414884
2.795E-06,0.970867859
2.805E-06,0.971312288
2.815E-06,0.971748378
2.825E-06,0.972176332
2.835E-06,0.972596345
2.845E-06,0.973008604
2.855E-06,0.973413293
2.865E-06,0.973810589
2.875E-06,0.974200665
2.885E-06,0.974583685
2.895E-06,0.974959813
2.905E-06,0.975329203
2.915E-06,0.975692009
2.925E-06,0.976048377
2.935E-06,0.976398452
2.945E-06,0.976742371
2.955E-06,0.97708027
2.965E-06,0.97741228
2.975E-06,0.977738528
2.985E-06,0.978059139
2.995E-06,0.978374232
3.005E-06,0.978683925
3.015E-06,0.978988331
3.025E-06,0.979287562
3.035E-06,0.979581724
3.045E-06,0.979870924
3.055E-06,0.980155263
3.065E-06,0.98043484
3.075E-06,0.980709753
3.085E-06,0.980980095
3.095E-06,0.981245959
3.105E-06,0.981507433
3.115E-06,0.981764606
3.125E-06,0.982017562
3.135E-06,0.982266385
3.145E-06,0.982511154
3.155E-06,0.982751949
3.165E-06,0.982988847
3.175E-06,0.983221922
3.185E-06,0.983451249
3.195E-06,0.983676898
3.205E-06,0.98389894
3.215E-06,0.984117442
3.225E-06,0.98433247
3.235E-06,0.984544091
3.245E-06,0.984752366
3.255E-06,0.984957359
3.265E-06,0.985159129
3.275E-06,0.985357736
3.285E-06,0.985553238
3.295E-06,0.98574569
3.305E-06,0.985935149
3.315E-06,0.986121669
3.325E-06,0.986305301
3.335E-06,0.986486098
3.345E-06,0.986664109
3.355E-06,0.986839386
3.365E-06,0.987011975
3.375E-06,0.987181925
3.385E-06,0.987349281
3.395E-06,0.987514089
3.405E-06,0.987676393
3.415E-06,0.987836237
3.425E-06,0.987993663
3.435E-06,0.988148712
3.445E-06,0.988301426
3.455E-06,0.988451843
3.465E-06,0.988600004
3.475E-06,0.988745947
3.485E-06,0.988889708
3.495E-06,0.989031326
3.505E-06,0.989170835
3.515E-06,0.989308271
3.525E-06,0.989443669
3.535E-06,0.989577062
3.545E-06,0.989708484
3.555E-06,0.989837968
3.565E-06,0.989965544
3.575E-06,0.990091245
3.585E-06,0.990215101
3.595E-06,0.990337143
3.605E-06,0.990457399
3.615E-06,0.990575899
3.625E-06,0.990692672
3.635E-06,0.990807744
3.645E-06,0.990921144
3.655E-06,0.991032899
3.665E-06,0.991143034
3.675E-06,0.991251575
3.685E-06,0.991358548
3.695E-06,0.991463978
3.705E-06,0.991567889
3.715E-06,0.991670305
3.725E-06,0.99177125
3.735E-06,0.991870747
3.745E-06,0.991968818
3.755E-06,0.992065486
3.765E-06,0.992160772
3.775E-06,0.992254699
3.785E-06,0.992347288
3.795E-06,0.992438558
3.805E-06,0.99252853
3.815E-06,0.992617225
3.825E-06,0.992704662
3.835E-06,0.992790861
3.845E-06,0.992875839
3.855E-06,0.992959617
3.865E-06,0.993042212
3.875E-06,0.993123643
3.885E-06,0.993203926
3.895E-06,0.99328308
3.905E-06,0.993361121
3.915E-06,0.993438066
3.925E-06,0.993513933
3.935E-06,0.993588736
3.945E-06,0.993662492
3.955E-06,0.993735217
3.965E-06,0.993806927
3.975E-06,0.993877635
3.985E-06,0.993947358
3.995E-06,0.99401611
4.005E-06,0.994083904
4.015E-06,0.994150757
4.025E-06,0.99421668
4.035E-06,0.994281689
4.045E-06,0.994345796
4.055E-06,0.994409016
4.065E-06,0.99447136
4.075E-06,0.994532842
4.085E-06,0.994593474
4.095E-06,0.99465327
4.105E-06,0.99471224
4.115E-06,0.994770398
4.125E-06,0.994827755
4.135E-06,0.994884322
4.145E-06,0.994940112
4.155E-06,0.994995135
4.165E-06,0.995049402
4.175E-06,0.995102925
4.185E-06,0.995155714
4.195E-06,0.99520778
4.205E-06,0.995259133
4.215E-06,0.995309783
4.225E-06,0.995359741
4.235E-06,0.995409016
4.245E-06,0.995457618
4.255E-06,0.995505558
4.265E-06,0.995552843
4.275E-06,0.995599485
4.285E-06,0.995645491
4.295E-06,0.995690871
4.305E-06,0.995735634
4.315E-06,0.995779789
4.325E-06,0.995823343
4.335E-06,0.995866307
4.345E-06,0.995908687
4.355E-06,0.995950493
4.365E-06,0.995991732
4.375E-06,0.996032413
4.385E-06,0.996072543
4.395E-06,0.99611213
4.405E-06,0.996151182
4.415E-06,0.996189706
4.425E-06,0.996227709
4.435E-06,0.9962652
4.445E-06,0.996302184
4.455E-06,0.99633867
4.465E-06,0.996374663
4.475E-06,0.996410172
4.485E-06,0.996445203
4.495E-06,0.996479762
4.505E-06,0.996513857
4.515E-06,0.996547492
4.525E-06,0.996580676
4.535E-06,0.996613414
4.545E-06,0.996645712
4.555E-06,0.996677576
4.565E-06,0.996709013
4.575E-06,0.996740028
4.585E-06,0.996770628
4.595E-06,0.996800817
4.605E-06,0.996830603
4.615E-06,0.996859989
4.625E-06,0.996888981
4.635E-06,0.996917586
4.645E-06,0.996945809
4.655E-06,0.996973653
4.665E-06,0.997001126
4.675E-06,0.997028232
4.685E-06,0.997054976
4.695E-06,0.997081363
4.705E-06,0.997107397
4.715E-06,0.997133085
4.725E-06,0.99715843
4.735E-06,0.997183437
4.745E-06,0.997208111
4.755E-06,0.997232456
4.765E-06,0.997256477
4.775E-06,0.997280179
4.785E-06,0.997303565
4.795E-06,0.99732664
4.805E-06,0.997349407
4.815E-06,0.997371873
4.825E-06,0.99739404
4.835E-06,0.997415912
4.845E-06,0.997437493
4.855E-06,0.997458788
4.865E-06,0.9974798
4.875E-06,0.997500534
4.885E-06,0.997520992
4.895E-06,0.997541179
4.905E-06,0.997561098
4.915E-06,0.997580754
4.925E-06,0.997600149
4.935E-06,0.997619287
4.945E-06,0.997638171
4.955E-06,0.997656805
4.965E-06,0.997675193
4.975E-06,0.997693337
4.985E-06,0.997711241
4.995E-06,0.997728908
5.005E-06,0.997746342
5.015E-06,0.997763545
5.025E-06,0.997780521
5.035E-06,0.997797272
5.045E-06,0.997813802
5.055E-06,0.997830114
5.065E-06,0.99784621
5.075E-06,0.997862093
5.085E-06,0.997877767
5.095E-06,0.997893235
5.105E-06,0.997908497
5.115E-06,0.997923559
5.125E-06,0.997938422
5.135E-06,0.997953089
5.145E-06,0.997967562
5.155E-06,0.997981845
5.165E-06,0.997995939
5.175E-06,0.998009848
5.185E-06,0.998023573
5.195E-06,0.998037118
5.205E-06,0.998050485
5.215E-06,0.998063675
5.225E-06,0.998076692
5.235E-06,0.998089537
5.245E-06,0.998102214
5.255E-06,0.998114723
5.265E-06,0.998127068
5.275E-06,0.998139251
5.285E-06,0.998151273
5.295E-06,0.998163137
5.305E-06,0.998174845
5.315E-06,0.998186399
5.325E-06,0.998197802
5.335E-06,0.998209055
5.345E-06,0.99822016
5.355E-06,0.998231119
5.365E-06,0.998241934
5.375E-06,0.998252607
5.385E-06,0.998263139
5.395E-06,0.998273534
5.405E-06,0.998283792
5.415E-06,0.998293915
5.425E-06,0.998303906
5.435E-06,0.998313765
5.445E-06,0.998323496
5.455E-06,0.998333098
5.465E-06,0.998342575
5.475E-06,0.998351927
5.485E-06,0.998361156
5.495E-06,0.998370265
5.505E-06,0.998379254
5.515E-06,0.998388125
5.525E-06,0.998396881
5.535E-06,0.998405521
5.545E-06,0.998414048
5.555E-06,0.998422464
5.565E-06,0.99843077
5.575E-06,0.998438966
5.585E-06,0.998447055
5.595E-06,0.998455038
5.605E-06,0.998462917
5.615E-06,0.998470693
5.625E-06,0.998478367
5.635E-06,0.99848594
5.645E-06,0.998493414
5.655E-06,0.998500791
5.665E-06,0.998508071
5.675E-06,0.998515255
5.685E-06,0.998522345
5.695E-06,0.998529343
5.705E-06,0.99853625
5.715E-06,0.998543066
5.725E-06,0.998549793
5.735E-06,0.998556431
5.745E-06,0.998562983
5.755E-06,0.998569449
5.765E-06,0.998575831
5.775E-06,0.99858213
5.785E-06,0.998588346
5.795E-06,0.99859448
5.805E-06,0.998600535
5.815E-06,0.998606511
5.825E-06,0.998612408
5.835E-06,0.998618228
5.845E-06,0.998623973
5.855E-06,0.998629642
5.865E-06,0.998635237
5.875E-06,0.998640759
5.885E-06,0.998646209
5.895E-06,0.998651588
5.905E-06,0.998656897
5.915E-06,0.998662136
5.925E-06,0.998667306
5.935E-06,0.99867241
5.945E-06,0.998677447
5.955E-06,0.998682418
5.965E-06,0.998687324
5.975E-06,0.998692166
5.985E-06,0.998696944
5.995E-06,0.998701661
6.005E-06,0.998706316
6.015E-06,0.99871091
6.025E-06,0.998715444
6.035E-06,0.998719919
6.045E-06,0.998724336
6.055E-06,0.998728695
6.065E-06,0.998732997
6.075E-06,0.998737243
6.085E-06,0.998741433
6.095E-06,0.998745569
6.105E-06,0.998749651
6.115E-06,0.99875368
6.125E-06,0.998757656
6.135E-06,0.998761581
6.145E-06,0.998765454
6.155E-06,0.998769277
6.165E-06,0.99877305
6.175E-06,0.998776773
6.185E-06,0.998780448
6.195E-06,0.998784076
6.205E-06,0.998787656
6.215E-06,0.998791189
6.225E-06,0.998794676
6.235E-06,0.998798118
6.245E-06,0.998801515
6.255E-06,0.998804868
6.265E-06,0.998808177
6.275E-06,0.998811443
6.285E-06,0.998814666
6.295E-06,0.998817848
6.305E-06,0.998820988
6.315E-06,0.998824087
6.325E-06,0.998827146
6.335E-06,0.998830165
6.345E-06,0.998833144
6.355E-06,0.998836085
6.365E-06,0.998838987
6.375E-06,0.998841852
6.385E-06,0.998844679
6.395E-06,0.99884747
6.405E-06,0.998850224
6.415E-06,0.998852942
6.425E-06,0.998855625
6.435E-06,0.998858273
6.445E-06,0.998860887
6.455E-06,0.998863466
6.465E-06,0.998866012
6.475E-06,0.998868524
6.485E-06,0.998871004
6.495E-06,0.998873452
6.505E-06,0.998875868
6.515E-06,0.998878253
6.525E-06,0.998880606
6.535E-06,0.998882929
6.545E-06,0.998885222
6.555E-06,0.998887484
6.565E-06,0.998889718
6.575E-06,0.998891922
6.585E-06,0.998894097
6.595E-06,0.998896244
6.605E-06,0.998898364
6.615E-06,0.998900455
6.625E-06,0.998902519
6.635E-06,0.998904557
6.645E-06,0.998906568
6.655E-06,0.998908553
6.665E-06,0.998910511
6.675E-06,0.998912445
6.685E-06,0.998914354
6.695E-06,0.998916237
6.705E-06,0.998918097
6.715E-06,0.998919931
6.725E-06,0.998921742
6.735E-06,0.99892353
6.745E-06,0.998925294
6.755E-06,0.998927035
6.765E-06,0.998928753
6.775E-06,0.99893045
6.785E-06,0.998932124
6.795E-06,0.998933776
6.805E-06,0.998935407
6.815E-06,0.998937017
6.825E-06,0.998938606
6.835E-06,0.998940174
6.845E-06,0.998941721
6.855E-06,0.998943249
6.865E-06,0.998944757
6.875E-06,0.998946245
6.885E-06,0.998947713
6.895E-06,0.998949163
6.905E-06,0.998950593
6.915E-06,0.998952005
6.925E-06,0.998953399
6.935E-06,0.998954775
6.945E-06,0.998956132
6.955E-06,0.998957473
6.965E-06,0.998958795
6.975E-06,0.998960101
6.985E-06,0.998961389
6.995E-06,0.998962661
7.005E-06,0.998963916
7.015E-06,0.998965155
7.025E-06,0.998966378
7.035E-06,0.998967585
7.045E-06,0.998968776
7.055E-06,0.998969952
7.065E-06,0.998971112
7.075E-06,0.998972257
7.085E-06,0.998973388
7.095E-06,0.998974503
7.105E-06,0.998975605
7.115E-06,0.998976691
7.125E-06,0.998977764
7.135E-06,0.998978823
7.145E-06,0.998979868
7.155E-06,0.9989809
7.165E-06,0.998981918
7.175E-06,0.998982922
7.185E-06,0.998983914
7.195E-06,0.998984893
7.205E-06,0.998985859
7.215E-06,0.998986813
7.225E-06,0.998987754
7.235E-06,0.998988683
7.245E-06,0.9989896
7.255E-06,0.998990505
7.265E-06,0.998991398
7.275E-06,0.998992279
7.285E-06,0.998993149
7.295E-06,0.998994008
7.305E-06,0.998994855
7.315E-06,0.998995692
7.325E-06,0.998996518
7.335E-06,0.998997333
7.345E-06,0.998998137
7.355E-06,0.998998931
7.365E-06,0.998999715
7.375E-06,0.999000488
7.385E-06,0.999001252
7.395E-06,0.999002006
7.405E-06,0.999002749
7.415E-06,0.999003483
7.425E-06,0.999004207
7.435E-06,0.999004923
7.445E-06,0.999005628
7.455E-06,0.999006325
7.465E-06,0.999007013
7.475E-06,0.999007692
7.485E-06,0.999008361
7.495E-06,0.999009022
7.505E-06,0.999009674
7.515E-06,0.999010318
7.525E-06,0.999010954
7.535E-06,0.999011581
7.545E-06,0.999012201
7.555E-06,0.999012812
7.565E-06,0.999013415
7.575E-06,0.99901401
7.585E-06,0.999014598
7.595E-06,0.999015178
7.605E-06,0.999015751
7.615E-06,0.999016316
7.625E-06,0.999016874
7.635E-06,0.999017425
7.645E-06,0.999017968
7.655E-06,0.999018504
7.665E-06,0.999019034
7.675E-06,0.999019556
7.685E-06,0.999020072
7.695E-06,0.999020581
7.705E-06,0.999021083
7.715E-06,0.999021579
7.725E-06,0.999022068
7.735E-06,0.999022551
7.745E-06,0.999023028
7.755E-06,0.999023498
7.765E-06,0.999023962
7.775E-06,0.999024421
7.785E-06,0.999024873
7.795E-06,0.99902532
7.805E-06,0.999025761
7.815E-06,0.999026196
7.825E-06,0.999026625
7.835E-06,0.999027049
7.845E-06,0.999027467
7.855E-06,0.99902788
7.865E-06,0.999028287
7.875E-06,0.999028689
7.885E-06,0.999029086
7.895E-06,0.999029478
7.905E-06,0.999029865
7.915E-06,0.999030247
7.925E-06,0.999030623
7.935E-06,0.999030995
7.945E-06,0.999031362
7.955E-06,0.999031724
7.965E-06,0.999032081
7.975E-06,0.999032434
7.985E-06,0.999032782
7.995E-06,0.999033126
8.005E-06,0.999033466
8.015E-06,0.999033801
8.025E-06,0.999034131
8.035E-06,0.999034457
8.045E-06,0.999034779
8.055E-06,0.999035097
8.065E-06,0.999035411
8.075E-06,0.999035721
8.085E-06,0.999036026
8.095E-06,0.999036328
8.105E-06,0.999036626
8.115E-06,0.99903692
8.125E-06,0.99903721
8.135E-06,0.999037496
8.145E-06,0.999037779
8.155E-06,0.999038058
8.165E-06,0.999038333
8.175E-06,0.999038605
8.185E-06,0.999038874
8.195E-06,0.999039138
8.205E-06,0.9990394
8.215E-06,0.999039657
8.225E-06,0.999039912
8.235E-06,0.999040163
8.245E-06,0.999040411
8.255E-06,0.999040656
8.265E-06,0.999040897
8.275E-06,0.999041135
8.285E-06,0.999041371
8.295E-06,0.999041603
8.305E-06,0.999041832
8.315E-06,0.999042058
8.325E-06,0.999042282
8.335E-06,0.999042502
8.345E-06,0.99904272
8.355E-06,0.999042934
8.365E-06,0.999043146
8.375E-06,0.999043356
8.385E-06,0.999043562
8.395E-06,0.999043766
8.405E-06,0.999043967
8.415E-06,0.999044165
8.425E-06,0.999044361
8.435E-06,0.999044555
8.445E-06,0.999044746
8.455E-06,0.999044935
8.465E-06,0.999045121
8.475E-06,0.999045304
8.485E-06,0.999045485
8.495E-06,0.999045664
8.505E-06,0.999045841
8.515E-06,0.999046015
8.525E-06,0.999046187
8.535E-06,0.999046357
8.545E-06,0.999046524
8.555E-06,0.99904669
8.565E-06,0.999046853
8.575E-06,0.999047014
8.585E-06,0.999047173
8.595E-06,0.99904733
8.605E-06,0.999047485
8.615E-06,0.999047638
8.625E-06,0.999047789
8.635E-06,0.999047938
8.645E-06,0.999048084
8.655E-06,0.99904823
8.665E-06,0.999048373
8.675E-06,0.999048514
8.685E-06,0.999048654
8.695E-06,0.999048791
8.705E-06,0.999048927
8.715E-06,0.999049061
8.725E-06,0.999049194
8.735E-06,0.999049324
8.745E-06,0.999049453
8.755E-06,0.999049581
8.765E-06,0.999049706
8.775E-06,0.999049831
8.785E-06,0.999049953
8.795E-06,0.999050074
8.805E-06,0.999050193
8.815E-06,0.999050311
8.825E-06,0.999050427
8.835E-06,0.999050541
8.845E-06,0.999050654
8.855E-06,0.999050766
8.865E-06,0.999050876
8.875E-06,0.999050985
8.885E-06,0.999051092
8.895E-06,0.999051198
8.905E-06,0.999051303
8.915E-06,0.999051406
8.925E-06,0.999051508
8.935E-06,0.999051609
8.945E-06,0.999051708
8.955E-06,0.999051806
8.965E-06,0.999051903
8.975E-06,0.999051998
8.985E-06,0.999052093
8.995E-06,0.999052186
9.005E-06,0.999052277
9.015E-06,0.999052368
9.025E-06,0.999052457
9.035E-06,0.999052545
9.045E-06,0.999052633
9.055E-06,0.999052719
9.065E-06,0.999052804
9.075E-06,0.999052887
9.085E-06,0.99905297
9.095E-06,0.999053052
9.105E-06,0.999053132
9.115E-06,0.999053212
9.125E-06,0.99905329
9.135E-06,0.999053368
9.145E-06,0.999053444
9.155E-06,0.99905352
9.165E-06,0.999053594
9.175E-06,0.999053668
9.185E-06,0.99905374
9.195E-06,0.999053811
9.205E-06,0.999053882
9.215E-06,0.999053952
9.225E-06,0.999054021
9.235E-06,0.999054089
9.245E-06,0.999054156
9.255E-06,0.999054222
9.265E-06,0.999054287
9.275E-06,0.999054352
9.285E-06,0.999054415
9.295E-06,0.999054478
9.305E-06,0.99905454
9.315E-06,0.999054601
9.325E-06,0.999054662
9.335E-06,0.999054721
9.345E-06,0.99905478
9.355E-06,0.999054838
9.365E-06,0.999054896
9.375E-06,0.999054952
9.385E-06,0.999055008
9.395E-06,0.999055063
9.405E-06,0.999055118
9.415E-06,0.999055171
9.425E-06,0.999055224
9.435E-06,0.999055277
9.445E-06,0.999055328
9.455E-06,0.999055379
9.465E-06,0.999055429
9.475E-06,0.999055479
9.485E-06,0.999055528
9.495E-06,0.999055576
9.505E-06,0.999055624
9.515E-06,0.999055671
9.525E-06,0.999055718
9.535E-06,0.999055764
9.545E-06,0.999055809
9.555E-06,0.999055854
9.565E-06,0.999055898
9.575E-06,0.999055942
9.585E-06,0.999055985
9.595E-06,0.999056027
9.605E-06,0.999056069
9.615E-06,0.99905611
9.625E-06,0.999056151
9.635E-06,0.999056191
9.645E-06,0.999056231
9.655E-06,0.99905627
9.665E-06,0.999056309
9.675E-06,0.999056348
9.685E-06,0.999056385
9.695E-06,0.999056422
9.705E-06,0.999056459
9.715E-06,0.999056495
9.725E-06,0.999056531
9.735E-06,0.999056566
9.745E-06,0.999056602
9.755E-06,0.999056636
9.765E-06,0.99905667
9.775E-06,0.999056704
9.785E-06,0.999056737
9.795E-06,0.99905677
9.805E-06,0.999056802
9.815E-06,0.999056834
9.825E-06,0.999056866
9.835E-06,0.999056897
9.845E-06,0.999056928
9.855E-06,0.999056958
9.865E-06,0.999056988
9.875E-06,0.999057017
9.885E-06,0.999057046
9.895E-06,0.999057075
9.905E-06,0.999057103
9.915E-06,0.999057131
9.925E-06,0.999057159
9.935E-06,0.999057186
9.945E-06,0.999057213
9.955E-06,0.99905724
9.965E-06,0.999057266
9.975E-06,0.999057292
9.985E-06,0.999057318
9.995E-06,0.999057343
1E-05,0.999057355
1.0001E-05,0.999054576
1.0003E-05,0.99904926
1.0007E-05,0.999027481
1.0015E-05,0.998813894
1.0025E-05,0.997880463
1.0035E-05,0.99592322
1.0045E-05,0.993069895
1.0055E-05,0.989673879
1.0065E-05,0.985974242
1.0075E-05,0.982123942
1.0085E-05,0.978212964
1.0095E-05,0.974270276
1.01E-05,0.972309372
1.0101E-05,0.971924423
1.0103E-05,0.971156923
1.0107E-05,0.969632147
1.0115E-05,0.966608916
1.0125E-05,0.962863776
1.0135E-05,0.959154354
1.0145E-05,0.955502763
1.0155E-05,0.951942315
1.0165E-05,0.94849803
1.0175E-05,0.945167663
1.0185E-05,0.941924468
1.0195E-05,0.938735906
1.0205E-05,0.935581342
1.0215E-05,0.932452036
1.0225E-05,0.929345924
1.0235E-05,0.926262777
1.0245E-05,0.923203277
1.0255E-05,0.920167715
1.0265E-05,0.917156651
1.0275E-05,0.914170142
1.0285E-05,0.91120852
1.0295E-05,0.908271646
1.0305E-05,0.905359676
1.0315E-05,0.902472318
1.0325E-05,0.899609582
1.0335E-05,0.896771045
1.0345E-05,0.893956593
1.0355E-05,0.891165695
1.0365E-05,0.888398133
1.0375E-05,0.885653288
1.0385E-05,0.882930858
1.0395E-05,0.88023016
1.0405E-05,0.87755083
1.0415E-05,0.874892137
1.0425E-05,0.872253678
1.0435E-05,0.869634697
1.0445E-05,0.867034768
1.0455E-05,0.864453129
1.0465E-05,0.861889346
1.0475E-05,0.859342666
1.0485E-05,0.856812665
1.0495E-05,0.85429861
1.0505E-05,0.851800095
1.0515E-05,0.849316419
1.0525E-05,0.846847202
1.0535E-05,0.844391778
1.0545E-05,0.841949802
1.0555E-05,0.839520648
1.0565E-05,0.837104003
1.0575E-05,0.834699286
1.0585E-05,0.83230622
1.0595E-05,0.829924265
1.0605E-05,0.827553179
1.0615E-05,0.825192463
1.0625E-05,0.822841909
1.0635E-05,0.820501058
1.0645E-05,0.818169732
1.0655E-05,0.815847508
1.0665E-05,0.813534238
1.0675E-05,0.811229532
1.0685E-05,0.808933267
1.0695E-05,0.806645085
1.0705E-05,0.804364885
1.0715E-05,0.802092338
1.0725E-05,0.799827363
1.0735E-05,0.797569656
1.0745E-05,0.795319153
1.0755E-05,0.793075575
1.0765E-05,0.790838872
1.0775E-05,0.788608786
1.0785E-05,0.78638528
1.0795E-05,0.784168114
1.0805E-05,0.781957263
1.0815E-05,0.779752505
1.0825E-05,0.777553824
1.0835E-05,0.775361012
1.0845E-05,0.773174063
1.0855E-05,0.770992782
1.0865E-05,0.768817168
1.0875E-05,0.766647043
1.0885E-05,0.764482409
1.0895E-05,0.762323099
1.0905E-05,0.760169122
1.0915E-05,0.75802032
1.0925E-05,0.755876705
1.0935E-05,0.75373813
1.0945E-05,0.751604611
1.0955E-05,0.749476009
1.0965E-05,0.747352342
1.0975E-05,0.74523348
1.0985E-05,0.743119443
1.0995E-05,0.741010109
1.1005E-05,0.738905499
1.1015E-05,0.736805497
1.1025E-05,0.734710127
1.1035E-05,0.73261928
1.1045E-05,0.730532978
1.1055E-05,0.728451122
1.1065E-05,0.726373733
1.1075E-05,0.724300716
1.1085E-05,0.722232094
1.1095E-05,0.720167778
1.1105E-05,0.71810779
1.1115E-05,0.716052048
1.1125E-05,0.714000572
1.1135E-05,0.711953285
1.1145E-05,0.709910208
1.1155E-05,0.707871269
1.1165E-05,0.705836486
1.1175E-05,0.703805794
1.1185E-05,0.701779211
1.1195E-05,0.699756675
1.1205E-05,0.697738204
1.1215E-05,0.69572374
1.1225E-05,0.6937133
1.1235E-05,0.69170683
1.1245E-05,0.689704347
1.1255E-05,0.687705802
1.1265E-05,0.685711209
1.1275E-05,0.683720525
1.1285E-05,0.681733762
1.1295E-05,0.679750881
1.1305E-05,0.677771893
1.1315E-05,0.675796762
1.1325E-05,0.673825501
1.1335E-05,0.671858076
1.1345E-05,0.669894499
1.1355E-05,0.667934739
1.1365E-05,0.665978809
1.1375E-05,0.664026682
1.1385E-05,0.662078369
1.1395E-05,0.660133846
1.1405E-05,0.658193124
1.1415E-05,0.656256185
1.1425E-05,0.654323037
1.1435E-05,0.652393664
1.1445E-05,0.650468077
1.1455E-05,0.648546263
1.1465E-05,0.646628232
1.1475E-05,0.644713974
1.1485E-05,0.642803501
1.1495E-05,0.640896804
1.1505E-05,0.638993898
1.1515E-05,0.637094778
1.1525E-05,0.635199456
1.1535E-05,0.633307933
1.1545E-05,0.631420224
1.1555E-05,0.629536331
1.1565E-05,0.627656271
1.1575E-05,0.625780052
1.1585E-05,0.62390769
1.1595E-05,0.622039198
1.1605E-05,0.620174598
1.1615E-05,0.618313904
1.1625E-05,0.616457143
1.1635E-05,0.614604334
1.1645E-05,0.612755507
1.1655E-05,0.61091069
1.1665E-05,0.609069916
1.1675E-05,0.607233221
1.1685E-05,0.605400646
1.1695E-05,0.603572235
1.1705E-05,0.601748037
1.1715E-05,0.599928108
1.1725E-05,0.59811251
1.1735E-05,0.59630131
1.1745E-05,0.594494586
1.1755E-05,0.592692426
1.1765E-05,0.590894928
1.1775E-05,0.589102204
1.1785E-05,0.587314383
1.1795E-05,0.585531612
1.1805E-05,0.583754061
1.1815E-05,0.581981931
1.1825E-05,0.580215454
1.1835E-05,0.578454908
1.1845E-05,0.576700623
1.1855E-05,0.574952998
1.1865E-05,0.573212521
1.1875E-05,0.57147979
1.1885E-05,0.569755548
1.1895E-05,0.568040724
1.1905E-05,0.566336485
1.1915E-05,0.564644296
1.1925E-05,0.562965974
1.1935E-05,0.561303748
1.1945E-05,0.559660201
1.1955E-05,0.558038208
1.1965E-05,0.556440719
1.1975E-05,0.554870485
1.1985E-05,0.553329781
1.1995E-05,0.551820274
1.2005E-05,0.550343002
1.2015E-05,0.54889842
1.2025E-05,0.54748655
1.2035E-05,0.546107106
1.2045E-05,0.544759607
1.2055E-05,0.543443448
1.2065E-05,0.542157959
1.2075E-05,0.540902431
1.2085E-05,0.539676149
1.2095E-05,0.538478395
1.2105E-05,0.537308461
1.2115E-05,0.536165654
1.2125E-05,0.535049294
1.2135E-05,0.53395872
1.2145E-05,0.53289329
1.2155E-05,0.531852378
1.2165E-05,0.530835376
1.2175E-05,0.529841695
1.2185E-05,0.528870761
1.2195E-05,0.527922019
1.2205E-05,0.526994927
1.2215E-05,0.526088962
1.2225E-05,0.525203614
1.2235E-05,0.524338388
1.2245E-05,0.523492803
1.2255E-05,0.522666392
1.2265E-05,0.521858701
1.2275E-05,0.521069289
1.2285E-05,0.520297727
1.2295E-05,0.5195436
1.2305E-05,0.518806503
1.2315E-05,0.518086042
1.2325E-05,0.517381837
1.2335E-05,0.516693516
1.2345E-05,0.516020719
1.2355E-05,0.515363099
1.2365E-05,0.514720315
1.2375E-05,0.51409204
1.2385E-05,0.513477956
1.2395E-05,0.512877755
1.2405E-05,0.512291138
1.2415E-05,0.511717816
1.2425E-05,0.511157508
1.2435E-05,0.510609942
1.2445E-05,0.510074852
1.2455E-05,0.509551979
1.2465E-05,0.509041066
1.2475E-05,0.508541863
1.2485E-05,0.508054119
1.2495E-05,0.507577584
1.2505E-05,0.507112012
1.2515E-05,0.506657158
1.2525E-05,0.506212786
1.2535E-05,0.505778673
1.2545E-05,0.505354621
1.2555E-05,0.50494046
1.2565E-05,0.504536057
1.2575E-05,0.504141307
1.2585E-05,0.503756128
1.2595E-05,0.503380445
1.2605E-05,0.503014178
1.2615E-05,0.502657232
1.2625E-05,0.502309484
1.2635E-05,0.501970787
1.2645E-05,0.501640968
1.2655E-05,0.501319831
1.2665E-05,0.501007164
1.2675E-05,0.500702743
1.2685E-05,0.500406342
1.2695E-05,0.500117746
1.2705E-05,0.499836776
1.2715E-05,0.49956334
1.2725E-05,0.499297555
1.2735E-05,0.499040004
1.2745E-05,0.498792318
1.2755E-05,0.498558348
1.2765E-05,0.498346139
1.2775E-05,0.498169917
1.2785E-05,0.498049028
1.2795E-05,0.498000323
1.2805E-05,0.498027237
1.2815E-05,0.498115902
1.2825E-05,0.498242439
1.2835E-05,0.498383997
1.2845E-05,0.498525173
1.2855E-05,0.498658265
1.2865E-05,0.49878059
1.2875E-05,0.498891929
1.2885E-05,0.49899304
1.2895E-05,0.49908497
1.2905E-05,0.499168765
1.2915E-05,0.499245369
1.2925E-05,0.499315597
1.2935E-05,0.49938014
1.2945E-05,0.499439582
1.2955E-05,0.499494419
1.2965E-05,0.499545074
1.2975E-05,0.499591914
1.2985E-05,0.49963526
1.2995E-05,0.499675394
1.3005E-05,0.499712569
1.3015E-05,0.499747012
1.3025E-05,0.499778929
1.3035E-05,0.499808507
1.3045E-05,0.499835918
1.3055E-05,0.49986132
1.3065E-05,0.499884859
1.3075E-05,0.49990667
1.3085E-05,0.499926878
1.3095E-05,0.499945598
1.3105E-05,0.499962937
1.3115E-05,0.499978995
1.3125E-05,0.499993865
1.3135E-05,0.500007633
1.3145E-05,0.500020379
1.3155E-05,0.500032177
1.3165E-05,0.500043097
1.3175E-05,0.500053202
1.3185E-05,0.500062552
1.3195E-05,0.500071202
1.3205E-05,0.500079204
1.3215E-05,0.500086606
1.3225E-05,0.500093452
1.3235E-05,0.500099783
1.3245E-05,0.500105637
1.3255E-05,0.50011105
1.3265E-05,0.500116054
1.3275E-05,0.50012068
1.3285E-05,0.500124957
1.3295E-05,0.50012891
1.3305E-05,0.500132564
1.3315E-05,0.500135941
1.3325E-05,0.500139062
1.3335E-05,0.500141947
1.3345E-05,0.500144612
1.3355E-05,0.500147074
1.3365E-05,0.50014935
1.3375E-05,0.500151452
1.3385E-05,0.500153395
1.3395E-05,0.500155189
1.3405E-05,0.500156847
1.3415E-05,0.500158379
1.3425E-05,0.500159794
1.3435E-05,0.500161101
1.3445E-05,0.500162308
1.3455E-05,0.500163423
1.3465E-05,0.500164454
1.3475E-05,0.500165405
1.3485E-05,0.500166284
1.3495E-05,0.500167096
1.3505E-05,0.500167846
1.3515E-05,0.500168538
1.3525E-05,0.500169178
1.3535E-05,0.500169769
1.3545E-05,0.500170314
1.3555E-05,0.500170818
1.3565E-05,0.500171284
1.3575E-05,0.500171713
1.3585E-05,0.50017211
1.3595E-05,0.500172477
1.3605E-05,0.500172816
1.3615E-05,0.500173128
1.3625E-05,0.500173417
1.3635E-05,0.500173684
1.3645E-05,0.50017393
1.3655E-05,0.500174157
1.3665E-05,0.500174368
1.3675E-05,0.500174561
1.3685E-05,0.500174741
1.3695E-05,0.500174906
1.3705E-05,0.500175059
1.3715E-05,0.5001752
1.3725E-05,0.50017533
1.3735E-05,0.50017545
1.3745E-05,0.500175561
1.3755E-05,0.500175664
1.3765E-05,0.500175758
1.3775E-05,0.500175846
1.3785E-05,0.500175926
1.3795E-05,0.500176001
1.3805E-05,0.50017607
1.3815E-05,0.500176133
1.3825E-05,0.500176192
1.3835E-05,0.500176246
1.3845E-05,0.500176297
1.3855E-05,0.500176343
1.3865E-05,0.500176386
1.3875E-05,0.500176425
1.3885E-05,0.500176461
1.3895E-05,0.500176495
1.3905E-05,0.500176526
1.3915E-05,0.500176555
1.3925E-05,0.500176581
1.3935E-05,0.500176606
1.3945E-05,0.500176628
1.3955E-05,0.500176649
1.3965E-05,0.500176668
1.3975E-05,0.500176686
1.3985E-05,0.500176702
1.3995E-05,0.500176718
1.4005E-05,0.500176732
1.4015E-05,0.500176745
1.4025E-05,0.500176757
1.4035E-05,0.500176768
1.4045E-05,0.500176779
1.4055E-05,0.500176788
1.4065E-05,0.500176797
1.4075E-05,0.500176805
1.4085E-05,0.500176812
1.4095E-05,0.500176819
1.4105E-05,0.500176826
1.4115E-05,0.500176831
1.4125E-05,0.500176837
1.4135E-05,0.500176842
1.4145E-05,0.500176846
1.4155E-05,0.50017685
1.4165E-05,0.500176854
1.4175E-05,0.500176858
1.4185E-05,0.500176861
1.4195E-05,0.500176864
1.4205E-05,0.500176867
1.4215E-05,0.500176869
1.4225E-05,0.500176872
1.4235E-05,0.500176874
1.4245E-05,0.500176876
1.4255E-05,0.500176878
1.4265E-05,0.50017688
1.4275E-05,0.500176881
1.4285E-05,0.500176882
1.4295E-05,0.500176884
1.4305E-05,0.500176885
1.4315E-05,0.500176886
1.4325E-05,0.500176887
1.4335E-05,0.500176888
1.4345E-05,0.500176889
1.4355E-05,0.50017689
1.4365E-05,0.500176891
1.4375E-05,0.500176892
1.4385E-05,0.500176892
1.4395E-05,0.500176893
1.4405E-05,0.500176894
1.4415E-05,0.500176894
1.4425E-05,0.500176895
1.4435E-05,0.500176895
1.4445E-05,0.500176895
1.4455E-05,0.500176896
1.4465E-05,0.500176896
1.4475E-05,0.500176897
1.4485E-05,0.500176897
1.4495E-05,0.500176897
1.4505E-05,0.500176898
1.4515E-05,0.500176898
1.4525E-05,0.500176898
1.4535E-05,0.500176899
1.4545E-05,0.500176899
1.4555E-05,0.500176899
1.4565E-05,0.500176899
1.4575E-05,0.500176899
1.4585E-05,0.500176899
1.4595E-05,0.500176899
1.4605E-05,0.500176899
1.4615E-05,0.500176899
1.4625E-05,0.500176899
1.4635E-05,0.500176899
1.4645E-05,0.500176899
1.4655E-05,0.500176899
1.4665E-05,0.500176899
1.4675E-05,0.500176899
1.4685E-05,0.500176899
1.4695E-05,0.500176899
1.4705E-05,0.500176899
1.4715E-05,0.500176899
1.4725E-05,0.500176899
1.4735E-05,0.500176899
1.4745E-05,0.500176899
1.4755E-05,0.500176899
1.4765E-05,0.500176899
1.4775E-05,0.500176899
1.4785E-05,0.500176899
1.4795E-05,0.500176899
1.4805E-05,0.500176899
1.4815E-05,0.500176899
1.4825E-05,0.500176899
1.4835E-05,0.500176899
1.4845E-05,0.500176899
1.4855E-05,0.500176899
1.4865E-05,0.500176899
1.4875E-05,0.500176899
1.4885E-05,0.500176899
1.4895E-05,0.500176899
1.4905E-05,0.500176899
1.4915E-05,0.500176899
1.4925E-05,0.500176899
1.4935E-05,0.500176899
1.4945E-05,0.500176899
1.4955E-05,0.500176899
1.4965E-05,0.500176899
1.4975E-05,0.500176899
1.4985E-05,0.500176899
1.4995E-05,0.500176899
1.5005E-05,0.500176899
1.5015E-05,0.500176899
1.5025E-05,0.500176899
1.5035E-05,0.500176899
1.5045E-05,0.500176899
1.5055E-05,0.500176899
1.5065E-05,0.500176899
1.5075E-05,0.500176899
1.5085E-05,0.500176899
1.5095E-05,0.500176899
1.5105E-05,0.500176898
1.5115E-05,0.500176898
1.5125E-05,0.500176898
1.5135E-05,0.500176898
1.5145E-05,0.500176898
1.5155E-05,0.500176898
1.5165E-05,0.500176898
1.5175E-05,0.500176898
1.5185E-05,0.500176898
1.5195E-05,0.500176899
1.5205E-05,0.500176899
1.5215E-05,0.500176899
1.5225E-05,0.500176899
1.5235E-05,0.500176899
1.5245E-05,0.500176899
1.5255E-05,0.500176899
1.5265E-05,0.500176899
1.5275E-05,0.500176899
1.5285E-05,0.500176899
1.5295E-05,0.500176899
1.5305E-05,0.500176899
1.5315E-05,0.500176899
1.5325E-05,0.500176899
1.5335E-05,0.500176898
1.5345E-05,0.500176899
1.5355E-05,0.500176899
1.5365E-05,0.500176899
1.5375E-05,0.500176899
1.5385E-05,0.500176899
1.5395E-05,0.500176899
1.5405E-05,0.500176899
1.5415E-05,0.500176899
1.5425E-05,0.500176899
1.5435E-05,0.500176899
1.5445E-05,0.500176899
1.5455E-05,0.500176899
1.5465E-05,0.500176899
1.5475E-05,0.500176899
1.5485E-05,0.500176899
1.5495E-05,0.500176899
1.5505E-05,0.500176899
1.5515E-05,0.500176899
1.5525E-05,0.500176899
1.5535E-05,0.500176899
1.5545E-05,0.500176898
1.5555E-05,0.500176898
1.5565E-05,0.500176898
1.5575E-05,0.500176898
1.5585E-05,0.500176898
1.5595E-05,0.500176898
1.5605E-05,0.500176898
1.5615E-05,0.500176898
1.5625E-05,0.500176898
1.5635E-05,0.500176898
1.5645E-05,0.500176898
1.5655E-05,0.500176898
1.5665E-05,0.500176898
1.5675E-05,0.500176899
1.5685E-05,0.500176899
1.5695E-05,0.500176899
1.5705E-05,0.500176899
1.5715E-05,0.500176899
1.5725E-05,0.500176899
1.5735E-05,0.500176899
1.5745E-05,0.500176899
1.5755E-05,0.500176899
1.5765E-05,0.500176899
1.5775E-05,0.500176898
1.5785E-05,0.500176898
1.5795E-05,0.500176898
1.5805E-05,0.500176898
1.5815E-05,0.500176898
1.5825E-05,0.500176898
1.5835E-05,0.500176898
1.5845E-05,0.500176898
1.5855E-05,0.500176898
1.5865E-05,0.500176898
1.5875E-05,0.500176898
1.5885E-05,0.500176899
1.5895E-05,0.500176899
1.5905E-05,0.500176898
1.5915E-05,0.500176898
1.5925E-05,0.500176899
1.5935E-05,0.500176899
1.5945E-05,0.500176898
1.5955E-05,0.500176899
1.5965E-05,0.500176899
1.5975E-05,0.500176899
1.5985E-05,0.500176898
1.5995E-05,0.500176898
1.6005E-05,0.500176898
1.6015E-05,0.500176898
1.6025E-05,0.500176898
1.6035E-05,0.500176898
1.6045E-05,0.500176898
1.6055E-05,0.500176899
1.6065E-05,0.500176899
1.6075E-05,0.500176899
1.6085E-05,0.500176899
1.6095E-05,0.500176899
1.6105E-05,0.500176899
1.6115E-05,0.500176899
1.6125E-05,0.500176899
1.6135E-05,0.500176899
1.6145E-05,0.500176899
1.6155E-05,0.500176898
1.6165E-05,0.500176899
1.6175E-05,0.500176899
1.6185E-05,0.500176899
1.6195E-05,0.500176899
1.6205E-05,0.500176899
1.6215E-05,0.500176899
1.6225E-05,0.500176899
1.6235E-05,0.500176899
1.6245E-05,0.500176899
1.6255E-05,0.500176899
1.6265E-05,0.500176899
1.6275E-05,0.500176899
1.6285E-05,0.500176899
1.6295E-05,0.500176899
1.6305E-05,0.500176899
1.6315E-05,0.500176899
1.6325E-05,0.500176899
1.6335E-05,0.500176899
1.6345E-05,0.500176899
1.6355E-05,0.500176899
1.6365E-05,0.500176899
1.6375E-05,0.500176899
1.6385E-05,0.500176899
1.6395E-05,0.500176899
1.6405E-05,0.500176899
1.6415E-05,0.500176899
1.6425E-05,0.500176899
1.6435E-05,0.500176899
1.6445E-05,0.500176899
1.6455E-05,0.500176899
1.6465E-05,0.500176899
1.6475E-05,0.500176899
1.6485E-05,0.500176899
1.6495E-05,0.500176899
1.6505E-05,0.500176899
1.6515E-05,0.500176899
1.6525E-05,0.500176899
1.6535E-05,0.500176899
1.6545E-05,0.500176899
1.6555E-05,0.500176899
1.6565E-05,0.500176899
1.6575E-05,0.500176899
1.6585E-05,0.500176899
1.6595E-05,0.500176899
1.6605E-05,0.500176899
1.6615E-05,0.500176899
1.6625E-05,0.500176899
1.6635E-05,0.500176899
1.6645E-05,0.500176899
1.6655E-05,0.500176899
1.6665E-05,0.500176899
1.6675E-05,0.500176899
1.6685E-05,0.500176899
1.6695E-05,0.500176899
1.6705E-05,0.500176899
1.6715E-05,0.500176899
1.6725E-05,0.500176899
1.6735E-05,0.500176899
1.6745E-05,0.500176899
1.6755E-05,0.500176899
1.6765E-05,0.500176899
1.6775E-05,0.500176899
1.6785E-05,0.500176899
1.6795E-05,0.500176899
1.6805E-05,0.500176899
1.6815E-05,0.500176899
1.6825E-05,0.500176899
1.6835E-05,0.500176899
1.6845E-05,0.500176899
1.6855E-05,0.500176899
1.6865E-05,0.500176899
1.6875E-05,0.500176899
1.6885E-05,0.500176899
1.6895E-05,0.500176899
1.6905E-05,0.500176899
1.6915E-05,0.500176899
1.6925E-05,0.500176899
1.6935E-05,0.500176899
1.6945E-05,0.500176899
1.6955E-05,0.500176899
1.6965E-05,0.500176899
1.6975E-05,0.500176899
1.6985E-05,0.500176899
1.6995E-05,0.500176899
1.7005E-05,0.500176899
1.7015E-05,0.500176899
1.7025E-05,0.500176899
1.7035E-05,0.500176899
1.7045E-05,0.500176899
1.7055E-05,0.500176899
1.7065E-05,0.500176899
1.7075E-05,0.500176899
1.7085E-05,0.500176899
1.7095E-05,0.500176899
1.7105E-05,0.500176899
1.7115E-05,0.500176899
1.7125E-05,0.500176898
1.7135E-05,0.500176898
1.7145E-05,0.500176899
1.7155E-05,0.500176899
1.7165E-05,0.500176899
1.7175E-05,0.500176899
1.7185E-05,0.500176899
1.7195E-05,0.500176899
1.7205E-05,0.500176899
1.7215E-05,0.500176899
1.7225E-05,0.500176899
1.7235E-05,0.500176899
1.7245E-05,0.500176899
1.7255E-05,0.500176899
1.7265E-05,0.500176899
1.7275E-05,0.500176899
1.7285E-05,0.500176899
1.7295E-05,0.500176899
1.7305E-05,0.500176899
1.7315E-05,0.500176899
1.7325E-05,0.500176899
1.7335E-05,0.500176899
1.7345E-05,0.500176899
1.7355E-05,0.500176899
1.7365E-05,0.500176899
1.7375E-05,0.500176899
1.7385E-05,0.500176899
1.7395E-05,0.500176899
1.7405E-05,0.500176899
1.7415E-05,0.500176899
1.7425E-05,0.500176899
1.7435E-05,0.500176899
1.7445E-05,0.500176899
1.7455E-05,0.500176899
1.7465E-05,0.500176899
1.7475E-05,0.500176899
1.7485E-05,0.500176899
1.7495E-05,0.500176899
1.7505E-05,0.500176899
1.7515E-05,0.500176899
1.7525E-05,0.500176899
1.7535E-05,0.500176899
1.7545E-05,0.500176899
1.7555E-05,0.500176899
1.7565E-05,0.500176899
1.7575E-05,0.500176899
1.7585E-05,0.500176899
1.7595E-05,0.500176899
1.7605E-05,0.500176899
1.7615E-05,0.500176899
1.7625E-05,0.500176899
1.7635E-05,0.500176899
1.7645E-05,0.500176899
1.7655E-05,0.500176899
1.7665E-05,0.500176899
1.7675E-05,0.500176899
1.7685E-05,0.500176899
1.7695E-05,0.500176899
1.7705E-05,0.500176899
1.7715E-05,0.500176899
1.7725E-05,0.500176899
1.7735E-05,0.500176899
1.7745E-05,0.500176899
1.7755E-05,0.500176899
1.7765E-05,0.500176899
1.7775E-05,0.500176899
1.7785E-05,0.500176899
1.7795E-05,0.500176899
1.7805E-05,0.500176899
1.7815E-05,0.500176899
1.7825E-05,0.500176899
1.7835E-05,0.500176899
1.7845E-05,0.500176899
1.7855E-05,0.500176899
1.7865E-05,0.500176899
1.7875E-05,0.500176899
1.7885E-05,0.500176899
1.7895E-05,0.500176899
1.7905E-05,0.500176899
1.7915E-05,0.500176899
1.7925E-05,0.500176899
1.7935E-05,0.500176899
1.7945E-05,0.500176899
1.7955E-05,0.500176899
1.7965E-05,0.500176899
1.7975E-05,0.500176899
1.7985E-05,0.500176899
1.7995E-05,0.500176899
1.8005E-05,0.500176899
1.8015E-05,0.500176899
1.8025E-05,0.500176899
1.8035E-05,0.500176899
1.8045E-05,0.500176899
1.8055E-05,0.500176899
1.8065E-05,0.500176899
1.8075E-05,0.500176899
1.8085E-05,0.500176899
1.8095E-05,0.500176899
1.8105E-05,0.500176899
1.8115E-05,0.500176899
1.8125E-05,0.500176899
1.8135E-05,0.500176899
1.8145E-05,0.500176899
1.8155E-05,0.500176899
1.8165E-05,0.500176899
1.8175E-05,0.500176898
1.8185E-05,0.500176898
1.8195E-05,0.500176898
1.8205E-05,0.500176898
1.8215E-05,0.500176898
1.8225E-05,0.500176898
1.8235E-05,0.500176898
1.8245E-05,0.500176898
1.8255E-05,0.500176898
1.8265E-05,0.500176898
1.8275E-05,0.500176898
1.8285E-05,0.500176898
1.8295E-05,0.500176899
1.8305E-05,0.500176899
1.8315E-05,0.500176899
1.8325E-05,0.500176899
1.8335E-05,0.500176899
1.8345E-05,0.500176898
1.8355E-05,0.500176898
1.8365E-05,0.500176898
1.8375E-05,0.500176899
1.8385E-05,0.500176899
1.8395E-05,0.500176899
1.8405E-05,0.500176899
1.8415E-05,0.500176899
1.8425E-05,0.500176898
1.8435E-05,0.500176898
1.8445E-05,0.500176899
1.8455E-05,0.500176899
1.8465E-05,0.500176899
1.8475E-05,0.500176899
1.8485E-05,0.500176899
1.8495E-05,0.500176899
1.8505E-05,0.500176899
1.8515E-05,0.500176899
1.8525E-05,0.500176899
1.8535E-05,0.500176899
1.8545E-05,0.500176899
1.8555E-05,0.500176899
1.8565E-05,0.500176899
1.8575E-05,0.500176899
1.8585E-05,0.500176899
1.8595E-05,0.500176899
1.8605E-05,0.500176899
1.8615E-05,0.500176899
1.8625E-05,0.500176899
1.8635E-05,0.500176899
1.8645E-05,0.500176899
1.8655E-05,0.500176899
1.8665E-05,0.500176899
1.8675E-05,0.500176899
1.8685E-05,0.500176899
1.8695E-05,0.500176899
1.8705E-05,0.500176899
1.8715E-05,0.500176899
1.8725E-05,0.500176899
1.8735E-05,0.500176899
1.8745E-05,0.500176899
1.8755E-05,0.500176899
1.8765E-05,0.500176899
1.8775E-05,0.500176899
1.8785E-05,0.500176899
1.8795E-05,0.500176899
1.8805E-05,0.500176899
1.8815E-05,0.500176899
1.8825E-05,0.500176899
1.8835E-05,0.500176899
1.8845E-05,0.500176899
1.8855E-05,0.500176899
1.8865E-05,0.500176899
1.8875E-05,0.500176899
1.8885E-05,0.500176899
1.8895E-05,0.500176899
1.8905E-05,0.500176899
1.8915E-05,0.500176899
1.8925E-05,0.500176899
1.8935E-05,0.500176899
1.8945E-05,0.500176899
1.8955E-05,0.500176899
1.8965E-05,0.500176899
1.8975E-05,0.500176899
1.8985E-05,0.500176899
1.8995E-05,0.500176899
1.9005E-05,0.500176899
1.9015E-05,0.500176899
1.9025E-05,0.500176899
1.9035E-05,0.500176899
1.9045E-05,0.500176899
1.9055E-05,0.500176899
1.9065E-05,0.500176899
1.9075E-05,0.500176899
1.9085E-05,0.500176899
1.9095E-05,0.500176899
1.9105E-05,0.500176899
1.9115E-05,0.500176899
1.9125E-05,0.500176899
1.9135E-05,0.500176899
1.9145E-05,0.500176899
1.9155E-05,0.500176899
1.9165E-05,0.500176899
1.9175E-05,0.500176899
1.9185E-05,0.500176899
1.9195E-05,0.500176899
1.9205E-05,0.500176899
1.9215E-05,0.500176899
1.9225E-05,0.500176899
1.9235E-05,0.500176899
1.9245E-05,0.500176899
1.9255E-05,0.500176899
1.9265E-05,0.500176899
1.9275E-05,0.500176899
1.9285E-05,0.500176899
1.9295E-05,0.500176899
1.9305E-05,0.500176899
1.9315E-05,0.500176899
1.9325E-05,0.500176899
1.9335E-05,0.500176899
1.9345E-05,0.500176899
1.9355E-05,0.500176899
1.9365E-05,0.500176899
1.9375E-05,0.500176899
1.9385E-05,0.500176899
1.9395E-05,0.500176899
1.9405E-05,0.500176899
1.9415E-05,0.500176899
1.9425E-05,0.500176899
1.9435E-05,0.500176899
1.9445E-05,0.500176899
1.9455E-05,0.500176899
1.9465E-05,0.500176899
1.9475E-05,0.500176899
1.9485E-05,0.500176899
1.9495E-05,0.500176899
1.9505E-05,0.500176899
1.9515E-05,0.500176899
1.9525E-05,0.500176899
1.9535E-05,0.500176899
1.9545E-05,0.500176899
1.9555E-05,0.500176899
1.9565E-05,0.500176899
1.9575E-05,0.500176899
1.9585E-05,0.500176899
1.9595E-05,0.500176899
1.9605E-05,0.500176899
1.9615E-05,0.500176899
1.9625E-05,0.500176899
1.9635E-05,0.500176899
1.9645E-05,0.500176899
1.9655E-05,0.500176899
1.9665E-05,0.500176899
1.9675E-05,0.500176899
1.9685E-05,0.500176899
1.9695E-05,0.500176899
1.9705E-05,0.500176899
1.9715E-05,0.500176899
1.9725E-05,0.500176899
1.9735E-05,0.500176899
1.9745E-05,0.500176899
1.9755E-05,0.500176899
1.9765E-05,0.500176899
1.9775E-05,0.500176899
1.9785E-05,0.500176899
1.9795E-05,0.500176899
1.9805E-05,0.500176899
1.9815E-05,0.500176899
1.9825E-05,0.500176899
1.9835E-05,0.500176899
1.9845E-05,0.500176899
1.9855E-05,0.500176899
1.9865E-05,0.500176899
1.9875E-05,0.500176899
1.9885E-05,0.500176899
1.9895E-05,0.500176899
1.9905E-05,0.500176899
1.9915E-05,0.500176899
1.9925E-05,0.500176899
1.9935E-05,0.500176899
1.9945E-05,0.500176899
1.9955E-05,0.500176899
1.9965E-05,0.500176899
1.9975E-05,0.500176899
1.9985E-05,0.500176899
1.9995E-05,0.500176899
2E-05,0.500176899
