time,Vout
0,0.500168337
1E-10,0.500168337
2E-10,0.500168337
4E-10,0.500168337
8E-10,0.500168337
1.6E-09,0.500168337
3.2E-09,0.500168337
6.4E-09,0.500168337
1.28E-08,0.500168337
2.28E-08,0.500168337
3.28E-08,0.500168337
4.28E-08,0.500168337
5.28E-08,0.500168337
6.28E-08,0.500168337
7.28E-08,0.500168337
8.28E-08,0.500168337
9.28E-08,0.500168337
1.028E-07,0.500168337
1.128E-07,0.500168337
1.228E-07,0.500168338
1.328E-07,0.500168338
1.428E-07,0.500168338
1.528E-07,0.500168338
1.628E-07,0.500168338
1.728E-07,0.500168338
1.828E-07,0.500168338
1.928E-07,0.500168338
2.028E-07,0.500168339
2.128E-07,0.500168339
2.228E-07,0.500168339
2.328E-07,0.500168339
2.428E-07,0.500168339
2.528E-07,0.500168339
2.628E-07,0.500168339
2.728E-07,0.500168339
2.828E-07,0.500168339
2.928E-07,0.500168339
3.028E-07,0.500168339
3.128E-07,0.500168339
3.228E-07,0.50016834
3.328E-07,0.50016834
3.428E-07,0.50016834
3.528E-07,0.50016834
3.628E-07,0.50016834
3.728E-07,0.50016834
3.828E-07,0.50016834
3.928E-07,0.50016834
4.028E-07,0.50016834
4.128E-07,0.50016834
4.228E-07,0.50016834
4.328E-07,0.50016834
4.428E-07,0.500168341
4.528E-07,0.500168341
4.628E-07,0.500168341
4.728E-07,0.500168341
4.828E-07,0.500168341
4.928E-07,0.500168341
5.028E-07,0.500168341
5.128E-07,0.500168341
5.228E-07,0.500168341
5.328E-07,0.500168341
5.428E-07,0.500168341
5.528E-07,0.500168341
5.628E-07,0.500168341
5.728E-07,0.500168341
5.828E-07,0.500168341
5.928E-07,0.500168341
6.028E-07,0.500168341
6.128E-07,0.500168341
6.228E-07,0.500168341
6.328E-07,0.500168341
6.428E-07,0.500168341
6.528E-07,0.500168341
6.628E-07,0.500168341
6.728E-07,0.500168341
6.828E-07,0.500168341
6.928E-07,0.500168341
7.028E-07,0.500168341
7.128E-07,0.50016834
7.228E-07,0.50016834
7.328E-07,0.50016834
7.428E-07,0.50016834
7.528E-07,0.50016834
7.628E-07,0.50016834
7.728E-07,0.50016834
7.828E-07,0.50016834
7.928E-07,0.50016834
8.028E-07,0.50016834
8.128E-07,0.50016834
8.228E-07,0.50016834
8.328E-07,0.50016834
8.428E-07,0.50016834
8.528E-07,0.50016834
8.628E-07,0.50016834
8.728E-07,0.500168341
8.828E-07,0.500168341
8.928E-07,0.500168341
9.028E-07,0.500168341
9.128E-07,0.500168341
9.228E-07,0.500168341
9.328E-07,0.500168341
9.428E-07,0.500168341
9.528E-07,0.500168341
9.628E-07,0.500168341
9.728E-07,0.500168341
9.828E-07,0.500168341
9.928E-07,0.500168341
1E-06,0.500168341
1.001E-06,0.500168603
1.003E-06,0.500169181
1.007E-06,0.500170772
1.015E-06,0.500178396
1.025E-06,0.500202168
1.035E-06,0.500247353
1.045E-06,0.500318329
1.055E-06,0.500419201
1.065E-06,0.500554292
1.075E-06,0.500727998
1.085E-06,0.500944318
1.095E-06,0.50120628
1.1E-06,0.501354934
1.101E-06,0.501386083
1.103E-06,0.501449312
1.107E-06,0.501581372
1.115E-06,0.50186634
1.125E-06,0.502255505
1.135E-06,0.50267081
1.145E-06,0.503099148
1.155E-06,0.503528154
1.165E-06,0.503948235
1.175E-06,0.504353074
1.185E-06,0.504739074
1.195E-06,0.505104504
1.205E-06,0.505448803
1.215E-06,0.505772115
1.225E-06,0.506075011
1.235E-06,0.506358316
1.245E-06,0.506622997
1.255E-06,0.506870088
1.265E-06,0.507100636
1.275E-06,0.507315671
1.285E-06,0.507516186
1.295E-06,0.507703121
1.305E-06,0.507877366
1.315E-06,0.508039751
1.325E-06,0.508191057
1.335E-06,0.50833201
1.345E-06,0.50846329
1.355E-06,0.508585533
1.365E-06,0.508699331
1.375E-06,0.508805242
1.385E-06,0.508903786
1.395E-06,0.508995449
1.405E-06,0.509080689
1.415E-06,0.509159933
1.425E-06,0.509233583
1.435E-06,0.509302013
1.445E-06,0.509365577
1.455E-06,0.509424603
1.465E-06,0.509479402
1.475E-06,0.509530262
1.485E-06,0.509577453
1.495E-06,0.50962123
1.505E-06,0.509661828
1.515E-06,0.50969947
1.525E-06,0.509734362
1.535E-06,0.509766697
1.545E-06,0.509796657
1.555E-06,0.50982441
1.565E-06,0.509850113
1.575E-06,0.509873912
1.585E-06,0.509895944
1.595E-06,0.509916337
1.605E-06,0.509935209
1.615E-06,0.509952671
1.625E-06,0.509968825
1.635E-06,0.509983768
1.645E-06,0.509997587
1.655E-06,0.510010366
1.665E-06,0.51002218
1.675E-06,0.510033103
1.685E-06,0.510043199
1.695E-06,0.51005253
1.705E-06,0.510061153
1.715E-06,0.510069122
1.725E-06,0.510076484
1.735E-06,0.510083286
1.745E-06,0.51008957
1.755E-06,0.510095374
1.765E-06,0.510100735
1.775E-06,0.510105686
1.785E-06,0.510110259
1.795E-06,0.510114481
1.805E-06,0.510118381
1.815E-06,0.510121981
1.825E-06,0.510125305
1.835E-06,0.510128375
1.845E-06,0.510131208
1.855E-06,0.510133824
1.865E-06,0.510136239
1.875E-06,0.510138468
1.885E-06,0.510140526
1.895E-06,0.510142426
1.905E-06,0.510144179
1.915E-06,0.510145797
1.925E-06,0.510147291
1.935E-06,0.510148669
1.945E-06,0.510149942
1.955E-06,0.510151116
1.965E-06,0.5101522
1.975E-06,0.5101532
1.985E-06,0.510154123
1.995E-06,0.510154975
2.005E-06,0.510155761
2.015E-06,0.510156486
2.025E-06,0.510157156
2.035E-06,0.510157774
2.045E-06,0.510158344
2.055E-06,0.51015887
2.065E-06,0.510159356
2.075E-06,0.510159804
2.085E-06,0.510160217
2.095E-06,0.510160599
2.105E-06,0.510160951
2.115E-06,0.510161276
2.125E-06,0.510161575
2.135E-06,0.510161852
2.145E-06,0.510162107
2.155E-06,0.510162343
2.165E-06,0.51016256
2.175E-06,0.51016276
2.185E-06,0.510162945
2.195E-06,0.510163116
2.205E-06,0.510163273
2.215E-06,0.510163419
2.225E-06,0.510163553
2.235E-06,0.510163676
2.245E-06,0.510163791
2.255E-06,0.510163896
2.265E-06,0.510163993
2.275E-06,0.510164083
2.285E-06,0.510164166
2.295E-06,0.510164242
2.305E-06,0.510164313
2.315E-06,0.510164378
2.325E-06,0.510164438
2.335E-06,0.510164493
2.345E-06,0.510164544
2.355E-06,0.510164591
2.365E-06,0.510164635
2.375E-06,0.510164675
2.385E-06,0.510164712
2.395E-06,0.510164746
2.405E-06,0.510164778
2.415E-06,0.510164807
2.425E-06,0.510164833
2.435E-06,0.510164858
2.445E-06,0.510164881
2.455E-06,0.510164902
2.465E-06,0.510164921
2.475E-06,0.510164939
2.485E-06,0.510164956
2.495E-06,0.510164972
2.5E-06,0.510164979
2.501E-06,0.510162361
2.503E-06,0.51015653
2.507E-06,0.510139902
2.51E-06,0.510119411
2.5108E-06,0.510113669
2.5124E-06,0.510100483
2.5156E-06,0.510062405
2.522E-06,0.509945018
2.532E-06,0.509691928
2.542E-06,0.509396033
2.552E-06,0.509081371
2.562E-06,0.508753897
2.572E-06,0.508416456
2.582E-06,0.508071835
2.592E-06,0.507722575
2.602E-06,0.507370978
2.612E-06,0.507019031
2.622E-06,0.506668448
2.632E-06,0.506320689
2.642E-06,0.505977014
2.652E-06,0.505638518
2.662E-06,0.505306174
2.672E-06,0.504980866
2.682E-06,0.504663416
2.692E-06,0.504354605
2.702E-06,0.504055189
2.712E-06,0.503765916
2.722E-06,0.503487526
2.732E-06,0.503220753
2.742E-06,0.502966313
2.752E-06,0.502724894
2.762E-06,0.50249712
2.772E-06,0.502283525
2.782E-06,0.502084512
2.792E-06,0.501900316
2.802E-06,0.501730971
2.812E-06,0.501576291
2.822E-06,0.501435868
2.832E-06,0.501309086
2.842E-06,0.501195154
2.852E-06,0.501093153
2.862E-06,0.501002079
2.872E-06,0.500920899
2.882E-06,0.50084859
2.892E-06,0.500784174
2.902E-06,0.50072674
2.912E-06,0.500675459
2.922E-06,0.500629588
2.932E-06,0.500588469
2.942E-06,0.500551529
2.952E-06,0.500518266
2.962E-06,0.500488248
2.972E-06,0.500461098
2.982E-06,0.500436493
2.992E-06,0.500414153
3.002E-06,0.500393833
3.012E-06,0.500375322
3.022E-06,0.500358435
3.032E-06,0.50034301
3.042E-06,0.500328905
3.052E-06,0.500315994
3.062E-06,0.500304165
3.072E-06,0.500293319
3.082E-06,0.500283369
3.092E-06,0.500274233
3.102E-06,0.500265842
3.112E-06,0.500258132
3.122E-06,0.500251043
3.132E-06,0.500244524
3.142E-06,0.500238527
3.152E-06,0.500233008
3.162E-06,0.500227929
3.172E-06,0.500223253
3.182E-06,0.500218948
3.192E-06,0.500214983
3.202E-06,0.500211331
3.212E-06,0.500207967
3.222E-06,0.500204868
3.232E-06,0.500202012
3.242E-06,0.500199381
3.252E-06,0.500196957
3.262E-06,0.500194722
3.272E-06,0.500192663
3.282E-06,0.500190765
3.292E-06,0.500189016
3.302E-06,0.500187403
3.312E-06,0.500185917
3.322E-06,0.500184547
3.332E-06,0.500183283
3.342E-06,0.500182119
3.352E-06,0.500181045
3.362E-06,0.500180055
3.372E-06,0.500179142
3.382E-06,0.5001783
3.392E-06,0.500177524
3.402E-06,0.500176809
3.412E-06,0.500176149
3.422E-06,0.500175541
3.432E-06,0.50017498
3.442E-06,0.500174463
3.452E-06,0.500173986
3.462E-06,0.500173546
3.472E-06,0.500173141
3.482E-06,0.500172767
3.492E-06,0.500172422
3.502E-06,0.500172104
3.512E-06,0.500171811
3.522E-06,0.500171541
3.532E-06,0.500171292
3.542E-06,0.500171062
3.552E-06,0.50017085
3.562E-06,0.500170655
3.572E-06,0.500170474
3.582E-06,0.500170308
3.592E-06,0.500170155
3.602E-06,0.500170014
3.612E-06,0.500169883
3.622E-06,0.500169763
3.632E-06,0.500169652
3.642E-06,0.50016955
3.652E-06,0.500169456
3.662E-06,0.500169369
3.672E-06,0.500169289
3.682E-06,0.500169215
3.692E-06,0.500169147
3.702E-06,0.500169084
3.712E-06,0.500169026
3.722E-06,0.500168972
3.732E-06,0.500168923
3.742E-06,0.500168878
3.752E-06,0.500168836
3.762E-06,0.500168797
3.772E-06,0.500168762
3.782E-06,0.500168729
3.792E-06,0.500168699
3.802E-06,0.500168671
3.812E-06,0.500168645
3.822E-06,0.500168622
3.832E-06,0.5001686
3.842E-06,0.500168579
3.852E-06,0.50016856
3.862E-06,0.500168543
3.872E-06,0.500168527
3.882E-06,0.500168513
3.892E-06,0.500168499
3.902E-06,0.500168487
3.912E-06,0.500168475
3.922E-06,0.500168465
3.932E-06,0.500168455
3.942E-06,0.500168446
3.952E-06,0.500168438
3.962E-06,0.50016843
3.972E-06,0.500168423
3.982E-06,0.500168416
3.992E-06,0.50016841
4E-06,0.500168406
